33610
33566
33608
33851
33593
33533
33862
33544
33562
33568
33552
33860
33551
33613
33554
33619
33624
33541
33550
33614
33519
33505
33531
33569
33852
33504
33556
33591
33548
33592
33549
33532
33540
33558
33690
33506
33511
33588
33543
33853
33512
33589
33565
33632
33513
33577
33854
33612
33563
33503
33604
33586
33626
33637
33692
33605
33639
33574
33564
33545
33615
33590
33537
33515
33526
33601
33585
33616
33557
33508
33596
33693
33524
33694
33559
33606
33553
33538
33539
33573
33595
33594
33584
33575
33535
33691
33868
33501
33518
33576
33527
33583
33638
33617
33520
33582
33570
33600
33609
33536
33695
33581
33507
33528
33620
33629
33542
33856
33509
33625
33859
33571
33523
33858
33547
33587
33510
33633
33599
33611
33622
33521
33530
33517
23117
33618
33560
33534
33630
33555
33561
33623
33635
33514
23175
23309
23006
23148
23058
23152
23306
23160
33578
33567
23158
33546
23081
23040
23221
23082
23096
23178
23196
23128
23053
23118
23045
23379
23204
23233
23203
23043
23035
23095
23187
23192
23291
23037
23358
23359
23094
23067
23062
23227
23365
23239
23292
23246
23454
23057
23240
23104
23327
23080
23073
23070
23042
23366
23219
23347
23224
23318
23303
23141
23371
23137
23060
23106
23335
23161
23308
23077
23325
23316
23176
23016
23182
23056
23091
23237
23088
23162
23048
23452
23180
23061
23314
23144
23334
23171
23084
23312
23064
23044
23011
23324
23331
23195
23368
23140
23021
23004
23206
23193
23146
23138
23131
23076
23369
23332
23185
23344
23229
23173
23213
23101
23167
23099
23020
23241
23329
23210
23019
23174
23097
23010
23068
23134
23345
23250
23066
23003
23220
23208
23112
23121
23001
23337
23065
23009
23113
23055
23390
23336
23385
23030
23028
23036
23205
23184
23217
23132
23107
23013
23348
23155
23326
23349
23151
23188
23086
23124
23228
23087
23032
23109
23215
23100
23186
23092
23169
23049
23079
23139
23145
23023
23304
23191
23189
23361
23166
23364
23218
23214
23163
23008
23085
23311
23363
23168
23244
23075
23069
23181
23212
23243
23183
23142
23033
23165
23202
23333
23156
23230
23315
23135
23026
23133
23380
23110
23313
23029
23153
23126
23235
23223
23231
23090
23381
23122
23226
23136
23018
23179
23159
23170
23129
23207
23216
23150
23177
23197
23367
23108
23198
23119
23015
23330
23041
23343
23351
23209
23317
23059
23355
23105
23362
23005
23063
23194
23352
23071
23125
23200
23222
23074
23149
23054
23098
23002
23051
23116
23211
23130
23234
23025
23123
23115
23451
23247
23050
23190
23072
23357
23301
23052
23102
23031
23356
23120
23114
