519 361 311
605 200 206
733 148 280
606 720 708
519 513 553
776 029 080
737 153 293
776 116 693
604 258 326
724 938 330
518 374 182
777 320 117
775 595 561
777 416 518
777 561 977
774 288 100
777001463
773 684 685
725 995 531
736 514 206
732 131 413
605 242 291
728 746 500
773 661 698
736 489 082
728 541 945
777 980 124
608 505 549
602 253 335
603 277 679
737 214 647
548 998 850
733 148 213
775 989 890
725 794 899
736 516 140
724 204 480
723 265 806
608 743 123
777 746 406
777 096 978
739 412 930
723 085 279
606 766 147
606 686 404
602 253 335
777 173 589
518 305 833
777 906 991
519 504 213
776 708 218
518 384 123
416 747 128
606 712 231
