57025
58015
55100
58100
57022
53045
52046
53011
53024
53100
56036
58011
56036
53042
50026
56030
50022
58054
57020
53045
50050
50064
56040
50050
53024
58014
53037
53037
53027
50050
53045
50028
56030
58038
53024
50039
50063
50023
57022
50050
50059
57022
54100
53043
53100
53024
53024
53045
56038
50050
55100
58015
53011
58023
51035
50020
58054
53024
50026
50026
57022
57022
53026
50011
53031
52021
58011
53013
50036
58014
50022
58044
52021
53045
53024
52021
58015
50022
53022
58054
57028
58100
54100
53024
58054
53024
53024
53045
57028
53045
56036
57028
52026
52025
58044
58014
50025
50026
58023
50022
50021
57031
59013
53040
57020
57022
53024
58024
52024
56040
53024
52025
53035
56011
58051
53020
56040
50026
56042
56028
50025
58100
53024
58020
58010
53045
50052
53024
53019
56048
58010
50052
57028
57025
50028
50012
58051
58014
57022
53024
58054
52043
58011
59011
56040
57022
57022
58045
58038
50022
50022
58036
50050
53024
53024
56040
58045
57022
50062
52041
53037
57022
53024
53024
50025
53017
53024
53011
50055
50056
53037
56048
58023
55023
53019
58044
58010
53035
53023
50022
58050
53020
53020
50024
50026
50018
58100
53019
56040
53037
54035
53019
55100
53024
53019
50026
57036
57033
53019
50059
57020
57022
53018
58014
53024
53040
58017
53024
53024
53024
53024
58024
58100
52100
50066
56040
57022
58038
53045
50050
53034
53013
53024
53024
53011
50053
50022
53017
50021
53024
53024
50050
53024
56040
50053
53024
53024
53013
57025
50025
53047
58045
50845
56028
57022
53024
50021
56040
53024
52028
53036
53024
53045
57032
56036
50060
50027
50025
52041
53020
52044
58044
55100
53017
52044
58051
52044
57020
50050
54035
53048
50022
50022
55027
58051
58014
50022
53045
58051
53024
57022
58052
58054
58040
51039
57028
57022
50026
53040
57022
58024
58028
53024
58100
50028
50037
53024
56046
53024
53024
53020
52028
53024
53031
58051
52044
53017
58011
55100
53011
58033
58054
53037
58023
53045
56040
52041
58019
53024
56046
58014
53024
53024
58025
56030
53024
53017
50053
50025
50063
50025
57028
55016
58044
53036
53045
50010
53011
57020
50020
52021
58050
50064
50050
57020
53011
58017
50026
53010
53024
50027
50020
50022
50022
53017
50022
50022
50010
53045
58044
56030
56020
52027
58100
53040
50060
53018
57022
57028
53020
50020
50027
56040
53037
52028
53024
53030
50028
55060
50022
53017
50125
53024
53011
58017
52022
52020
53024
50020
53037
53020
56030
56030
58044
53020
53047
55010
58024
53024
50026
53020
50025
53024
50060
53019
53011
53020
53045
52042
50059
53024
50024
56030
53024
54100
51035
57022
58020
57020
50022
50021
53013
50056
52048
53011
56030
53100
53040
53037
50065
53040
53045
50059
53013
53010
53011
53013
53013
50022
57021
50021
53037
53040
58050
53037
53024
53024
53011
50022
50026
58054
53045
58038
52021
50028
50022
58050
58050
53023
58100
53019
50025
58010
50014
52029
50028
53024
53045
53024
50028
53024
53028
53024
57027
53045
53037
53017
53024
53037
53024
53011
53013
53013
53024
56028
56030
53013
53024
57028
57028
50056
52020
59018
58010
50021
56037
52028
58054
50020
53037
50020
58046
53036
57022
53019
56040
56046
53037
53011
50059
59100
58024
53037
58100
58100
53017
53013
53037
53017
55015
57037
53017
53036
53037
50053
50020
57022
53040
53011
58024
51030
50020
53024
50050
53100
52048
50050
52020
53017
53024
53024
50015
53020
51030
53024
53037
57038
53100
50020
57020
53013
53024
50020
50020
50025
53024
57022
50026
58052
53037
53045
53019
58020
53024
56046
50021
50026
53037
53024
53013
50023
53024
50025
53045
53042
57020
53020
53024
55010
53040
58054
58046
57021
50020
53028
50050
52026
53037
50026
53024
50020
53030
50020
53024
57028
59100
53037
58027
56043
52020
50028
53035
53013
53045
58054
57022
53037
50021
50065
52100
50068
57024
57020
53043
53011
50125
53024
53037
56040
53020
53011
50020
50025
57023
50020
50025
56027
53019
56025
56040
52045
50022
56040
57020
53013
55015
53013
50022
55015
50065
50020
50012
53035
50020
50054
53036
52100
55015
53024
50050
55010
50065
58051
53037
50053
50056
56020
56030
53024
55015
53024
59015
53010
57020
50021
56027
58054
53037
50056
56046
50068
53045
53024
50054
50026
56028
53024
53045
50025
53013
50025
53020
50065
53020
50028
58024
53017
53024
53011
53024
50025
52020
53037
51035
53013
50025
50028
50068
50145
50020
57024
53011
53023
53024
50025
53035
53100
50026
56025
50020
53011
53013
53013
50021
53037
50022
53013
50024
50024
53010
57020
53019
53011
53037
53011
50024
53024
52020
53011
50022
53028
53024
53040
53019
53037
50025
50021
59015
53024
53045
50037
53013
53017
53024
53042
56040
53040
53045
50025
52037
53045
53045
53040
58017
53024
58054
53024
56040
54100
52028
53016
53024
53024
53045
53019
57022
53024
57020
58043
53037
53024
57028
55015
53011
53040
53017
53019
53010
58052
53024
51039
50068
53045
54035
53032
50023
57022
56030
52042
53017
54100
53019
58025
50122
58040
53020
50059
53045
50059
58010
57034
53011
50123
57024
53024
59015
53024
53024
57023
53013
50059
53019
57037
56020
53043
53024
53019
