83310
83400
83570
06360
83230
83170
83340
83330
83490
83390
83130
83330
33290
83330
83170
83340
83390
83780
21200
13760
34480
33600
83830
83300
71570
83340
83119
44330
50160
62503
62500
34536
33290
69803
94537
83550
13790
83610
37150
13680
83250
13548
83119
83470
83570
83230
83920
83260
83560
83870
83780
83460
83460
83270
13530
13560
34130
26600
83340
83460
83230
13830
13840
83790
83580
13116
83390
13840
83170
83890
13840
13680
83570
83250
13840
83550
83460
13530
83470
83550
83270
83920
13760
83780
13410
83230
83480
13410
83870
83420
83570
13610
83390
83250
83170
83390
13790
83490
83250
13790
13100
83670
83830
83690
83400
13590
83520
83350
83340
83470
13830
83460
83460
83920
13650
83660
83340
83400
83250
83470
83136
83920
83470
83310
83680
83350
83250
83250
83570
83490
13540
83670
83390
13530
83590
13114
83390
50002
13530
13100
83250
83510
13090
83670
83210
83490
13610
83670
83460
83390
83170
83170
83510
83340
83250
83170
83470
83230
83460
83510
83260
83250
13330
83230
83250
83250
83670
83550
83510
83580
83670
83570
83390
13760
83600
83340
83340
13610
83250
83390
13121
83560
83270
83460
83590
83143
83340
83340
83920
13490
83790
83510
01330
83670
83570
83300
13111
83550
83310
83340
83570
10001
83250
83460
83340
83690
83250
83310
83136
83740
83520
83250
83560
13680
83350
83340
13530
83590
83220
34200
71800
83460
83990
33600
83220
83570
83170
83570
13190
83310
83600
83340
83910
83390
83310
83250
83340
83390
06710
13760
83170
84100
83460
83136
83330
37140
13430
13330
83340
34500
83660
83510
83510
13510
83790
83740
83390
13840
83830
13410
83340
83400
83350
13510
83119
83990
83310
83310
83570
83570
83136
83390
83590
13810
13810
83590
13100
13540
83580
83890
83890
83330
83440
83270
83170
83136
83920
83570
83119
83170
83136
83390
83550
83340
83390
83390
83340
83340
13530
83920
83590
83270
83570
83590
33460
83400
83330
83130
83510
83340
83470
13330
83520
13100
83830
83270
83420
83170
83170
83170
83340
83340
83590
83170
83310
83260
83920
83920
83260
83220
83310
83136
83610
83400
83560
83136
83580
83230
83340
83350
83830
83390
83136
83400
83520
13114
83310
83570
83350
83130
83580
83340
83570
83170
83250
83550
83260
83570
83570
13114
83230
83330
83340
13140
13250
83250
83460
13103
83440
83690
13660
83170
13490
13940
06610
83740
83890
83170
13100
83570
83510
83330
83120
83230
13114
83480
83550
83340
83340
83510
83350
83250
83550
83570
13410
83390
83520
83520
83520
83520
83520
83136
83550
83340
83350
83350
83400
83740
83340
37310
83250
13500
83136
83520
83580
83340
83510
83470
83780
83300
83550
83660
13103
83570
83920
83136
13700
83230
13260
83570
83310
13760
13430
83136
13780
83510
83400
83143
83570
83340
83570
83140
83910
13530
83470
13840
13680
83170
83170
83170
83670
13090
13410
83510
83740
83350
83480
13790
13114
83260
13610
83400
83170
83660
83560
83340
83390
83340
83330
83119
13840
13090
83270
83910
83300
83300
83480
83350
83220
13580
83570
83910
83340
83740
83570
83690
83470
83170
10060
13540
83340
83470
83390
13680
83390
83400
13330
83920
13810
83460
83670
83690
83390
83170
13790
83700
83570
13610
13114
83170
83580
83390
83310
13840
83460
83580
83910
83470
83740
83570
83310
83990
83910
83170
83250
83170
83340
83610
84230
83550
83920
83210
83390
83470
83300
13610
83340
83340
83790
90300
83175
83510
83570
84230
33000
83990
83250
83990
83490
83990
13530
83990
83570
83990
33870
83990
83300
83990
13530
83990
60366
13653
83990
83170
83990
83660
83990
83170
83990
83170
83990
83170
83990
83610
83990
83990
83990
13530
83990
79230
83990
83250
83990
13490
83990
83390
83990
83143
83990
21200
83990
49601
44196
83990
13790
83990
83250
83990
13114
83340
83400
83390
83700
83550
83460
37150
21200
83143
34500
30220
84350
26700
83890
83260
69220
21200
83570
83136
11160
83170
10091
83400
13840
91120
13114
34560
83920
83600
69400
83250
83170
83250
83460
13840
83170
83136
83390
83910
13500
83610
83400
73190
13490
83143
13610
83670
83350
83310
83330
83170
83340
83340
83340
83510
83420
83340
83570
78960
30300
35200
83136
83990
83230
83300
83250
83610
13500
83330
83300
83510
83590
13180
83170
83250
13510
83470
83910
83510
83550
83230
83510
83350
13260
83230
83780
13410
13410
83110
83570
83570
83300
11590
83350
83600
30300
83310
83310
83310
83590
83580
83550
13090
83460
13770
13770
83550
83470
83510
83250
83390
13090
83570
83310
83740
83390
83170
83170
13130
13330
13830
83920
83460
83470
13580
13390
83340
13114
83120
83890
83570
83260
13490
83149
83330
69820
83170
83470
84200
13111
34204
33720
83990
83390
83740
83570
83250
13114
83460
83170
83990
83340
83330
69420
83460
83390
70012
33070
83170
13490
83690
06580
83170
84240
83350
13011
13530
83119
83400
13520
13250
83470
83780
83680
83340
83510
83890
83260
83590
83580
83170
83170
83570
83240
83330
13520
83330
83990
83143
83580
83250
71570
84100
13009
13840
34560
83460
83560
83460
78540
13540
84700
84120
83136
33540
83143
83170
83170
83390
42480
92230
83670
83170
13300
83170
83460
83510
83170
84231
83590
83490
83310
13114
13810
83330
83340
83990
83340
83400
83340
13510
21200
83170
83170
13330
83460
83250
83390
83670
84190
92100
84550
83670
83790
83250
83390
33290
13260
83910
13840
83550
13350
13114
83830
83580
13180
83330
83570
83136
83780
33560
83170
83170
83250
83170
33530
83250
83110
83460
83390
83390
83390
84420
13820
83700
83990
83580
83670
83250
83570
83390
83470
13410
30210
83170
83470
83350
13760
84230
83570
13510
83170
83460
34820
83570
13760
83790
11100
13840
13840
83170
83340
64100
33500
24500
07130
13540
13760
