+41 27 455 75 75
+41 27 306 28 86
+41 27 306 28 36
+41 79 454 25 33
+41 27 203 41 31
+41 27 565 41 03
+41 27 565 13 30
+41 79 237 67 44
+41 27 203 40 60
+41 27 746 23 55
+41 27 455 28 28
+41 27 606 76 40
+41 78 618 66 21
+41 79 201 81 31
+41 78 753 12 56
+41 78 866 35 67
+41 27 324 43 24
+41 27 744 14 03
+41 79 221 00 85
+41 79 204 17 45
+41 79 794 72 71
+41 27 455 24 23
+41 78 827 98 08
+41 21 960 20 38
+41 27 306 17 28
+41 27 458 26 49
+41 27 321 13 13
+41 79 441 57 10
+41 27 722 50 76
+41 79 607 76 94
+41 27 306 25 96
+41 27 329 89 29
+41 27 606 76 80
+41 27 722 78 81
+41 27 746 12 91
+41 27 346 12 16
+41 79 211 17 62
+41 77 997 42 19
+41 27 473 20 35
+41 79 445 88 88
+41 27 455 32 66
+41 27 346 20 32
+41 79 628 32 13
+41 27 721 01 01
+41 27 455 19 03
+41 79 961 82 43
+41 27 306 17 34
+41 58 434 48 07
+41 27 455 04 07
+41 27 452 22 52
+41 27 306 53 54
+41 79 411 63 32
+41 27 346 43 22
+41 79 346 52 43
+41 27 455 19 82
+41 27 398 18 65
+41 79 409 25 44
+41 27 746 13 27
+41 27 455 09 08
+41 27 203 04 46
+41 27 346 12 14
+41 27 934 35 17
+41 27 451 21 21
+41 79 262 02 43
+41 79 757 95 40
+41 27 455 14 07
+41 27 722 34 85
+41 79 679 20 05
+41 27 346 46 54
+41 27 458 46 22
+41 27 306 44 52
+41 27 346 72 07
+41 79 855 55 59
+41 27 327 50 50
+41 27 305 15 00
+41 79 607 60 01
+41 79 658 01 09
+41 78 238 32 35
+41 27 458 48 58
+41 79 885 76 16
+41 27 203 41 31
+41 27 306 37 56
+41 27 747 15 25
+41 27 306 13 15
+41 27 456 17 77
+41 27 948 43 48
+41 27 455 72 36
+41 27 473 38 38
+41 79 430 18 69
+41 79 194 41 69
+41 79 380 21 60
+41 78 635 78 88
